m0 = 1000;
m1 = 100;
m2 = 100;
l1 = 20;
l2 = 10;
g = 9.81;